camera_matrix:
- [521.6164382618978, 0.0, 329.06034080494425]
- [0.0, 520.4048942221611, 237.78245554625025]
- [0.0, 0.0, 1.0]
dist_coefs:
- [-0.13008132291446292, 0.4476665374102453, -0.00017816154337699057, -0.0011587540231700272,
  -0.48318806563152766]
rms: 0.366255084990109
